0 550 800 50 -1
100 520 125 5 0
575 500 25 25 1
675 500 25 25 1
625 475 25 25 1
455 470 55 5 4
100 350 5 125 4
220 350 5 125 4
650 350 25 25 1
750 350 25 25 1
700 325 25 25 1
450 300 5 125 4
525 300 5 125 4
325 270 50 5 2
575 220 80 5 3
75 150 25 25 1
125 125 25 25 1
175 150 25 25 1
300 100 5 125 4
395 100 5 125 4
575 50 5 125 4
650 50 5 125 4
225 25 25 25 1
325 25 25 25 1
275 0 25 25 1
50 -5 80 5 3
225 -75 25 25 1
325 -75 25 25 1
650 -75 25 25 1
750 -75 25 25 1
400 -80 125 5 3
275 -100 25 25 1
700 -100 25 25 1
50 -175 5 150 4
125 -175 5 150 4
400 -300 5 150 4
520 -300 5 150 4
150 -325 25 25 1
250 -325 25 25 1
650 -325 25 25 1
750 -325 25 25 1
200 -350 25 25 1
700 -350 25 25 1
125 -375 25 25 1
275 -375 25 25 1
75 -425 25 25 1
325 -425 25 25 1
25 -475 25 25 1
375 -475 25 25 1
75 -525 25 25 1
325 -525 25 25 1
400 -525 25 25 1
500 -525 25 25 1
450 -550 25 25 1
125 -575 25 25 1
275 -575 25 25 1
200 -600 25 25 1
575 -680 150 5 2
350 -800 25 25 1
450 -800 25 25 1
100 -830 125 5 3
400 -850 25 25 1
575 -850 5 150 4
645 -850 5 150 4
300 -1000 25 25 1
400 -1000 25 25 1
575 -1000 50 25 1
700 -1000 50 25 1
100 -1025 5 150 4
220 -1025 5 150 4
350 -1050 25 25 1
625 -1050 75 25 2
500 -1000 25 25 1
600 -1050 25 25 1
100 -1075 25 25 1
550 -1075 25 25 1
500 -1205 100 5 3
75 -1250 5 25 4
500 -1400 5 150 4
595 -1400 5 150 4
75 -1425 5 150 4
145 -1425 5 150 4
500 -150 25 25 1
575 -1500 25 25 1
525 -1550 50 25 2
75 -1600 25 25 1
125 -1600 25 25 1
100 -1625 25 25 1
200 -1650 25 25 1
300 -1675 25 25 1
350 -1675 25 25 1
325 -1700 25 25 1
0 -1800 800 50 5