0 550 800 50 -1
350 475 100 25 0
350 425 25 25 1
425 425 25 25 1
375 400 50 25 2
225 375 25 25 1
325 375 25 25 1
450 375 25 25 1
550 375 25 25 1
275 350 25 25 1
500 350 25 25 1
125 325 25 25 1
175 325 25 75 3
600 325 25 75 3
650 325 25 25 1
75 275 25 50 2
700 275 25 50 3
375 225 50 25 2
225 200 25 25 1
325 200 25 25 1
450 200 25 25 1
550 200 25 25 1
275 175 25 25 1
500 175 25 25 1
75 50 25 75 3
350 50 100 25 2
700 50 25 75 3
150 -25 100 25 2
550 -25 100 25 2
50 -125 100 25 2
650 -125 100 25 2
125 -250 100 25 2
575 -250 100 25 2
300 -325 200 25 3
275 -475 25 25 1
500 -475 25 25 1
25 -500 100 25 2
675 -500 100 25 2
150 -625 100 25 2
550 -625 100 25 2
50 -725 100 25 2
650 -725 100 25 2
125 -850 100 25 2
575 -850 100 25 2
300 -925 200 25 3
275 -1075 25 25 1
500 -1075 25 25 1
25 -1100 100 25 2
675 -1100 100 25 2
0 -1200 800 50 5