0 550 800 50 -1
100 525 50 12 0
425 525 50 12 1
725 525 50 12 2
200 488 50 12 3
350 488 50 12 2
500 488 50 12 1
650 488 50 12 1
275 438 50 12 1
575 438 50 12 2
425 363 50 12 3
350 288 50 12 2
500 288 50 12 2
250 188 50 12 3
550 188 50 12 2
225 113 25 12 2
650 113 25 12 1
275 63 50 12 2
575 63 50 12 3
325 13 50 12 2
525 13 50 12 1
375 -37 50 12 3
475 -37 50 12 3
425 -62 50 12 2
350 -112 75 12 3
475 -112 75 12 1
225 -237 100 12 2
575 -237 100 12 3
400 -337 100 12 3
225 -462 100 12 2
575 -462 100 12 1
0 -600 800 50 5